50
50
31 13 4 49 24 15 39 16 20 39 33 1 12 29 34 31 7 42 16 43 14 32 21 8 18 47 8 21 2 13 1 4 29 14 6 35 36 45 12 31 37 7 15 32 33 9 31 25 45 16 
40
20 20 20 20 21 21 21 21 21 21 20 21 20 21 21 20 20 21 20 21 20 20 21 21 20 20 20 20 21 21 20 20 21 20 21 21 21 20 21 20 
15
12 27 13 8 10 8 8 10 7 7 11 11 12 18 7 
37
20 30 24 36 30 19 26 22 34 27 20 34 26 27 34 28 25 25 29 25 21 28 31 32 34 26 19 27 34 34 32 27 30 31 18 26 36 
32
9 4 8 4 25 9 12 45 6 12 14 7 15 31 1 47 7 27 13 1 3 5 47 38 39 41 40 48 15 30 8 13 
30
34 23 43 1 3 27 32 47 16 12 26 41 9 16 12 13 49 12 23 9 29 15 12 28 24 35 49 33 20 31 
32
5 6 6 9 9 8 9 8 10 8 7 7 6 10 7 7 5 8 8 6 9 8 10 9 10 9 10 5 9 9 10 5 
22
46 29 39 36 9 26 31 43 16 36 34 44 29 3 39 15 29 26 35 30 38 8 
44
42 11 35 17 35 13 12 3 38 15 15 29 31 33 45 15 26 34 16 8 26 40 30 16 6 30 28 16 11 14 25 9 33 45 12 14 26 9 40 41 9 32 29 22 
29
47 20 43 41 2 49 31 30 32 13 29 35 47 16 3 6 34 27 6 18 12 45 26 6 43 2 18 2 43 
3
42 18 32 
46
16 37 26 19 22 36 37 28 4 31 18 33 37 8 20 8 1 49 11 7 44 20 1 36 15 36 25 36 2 42 40 41 2 45 47 22 35 34 24 13 34 21 26 9 40 44 
40
17 31 14 3 32 38 49 15 1 10 32 27 2 30 28 9 34 38 2 48 15 48 46 15 8 7 47 18 40 44 41 35 35 42 10 44 8 49 3 21 
22
17 5 2 17 32 22 10 35 19 41 10 41 30 36 31 27 27 25 40 33 40 26 
18
22 11 10 26 13 15 17 18 10 21 18 27 24 30 11 13 14 10 
27
46 14 26 35 2 8 42 43 36 1 2 30 11 37 45 27 38 30 31 25 9 8 47 43 22 41 36 
3
13 17 20 
32
8 30 33 16 39 31 10 40 3 2 22 42 8 9 17 3 27 50 24 35 17 45 14 35 49 25 33 26 4 23 2 35 
28
31 17 3 35 47 6 45 29 4 17 31 21 20 30 17 50 46 13 11 31 13 13 12 12 43 17 12 45 
35
10 20 20 14 26 40 19 35 11 41 5 34 20 13 39 47 7 32 50 5 19 19 17 41 19 39 40 35 7 49 46 47 4 32 30 
13
39 35 27 28 36 6 50 33 27 33 37 13 50 
34
17 34 16 29 41 50 21 43 30 26 2 49 40 10 47 5 39 21 2 24 7 28 35 26 20 26 2 2 28 22 9 39 40 41 
4
8 20 20 39 
3
5 5 8 
20
14 40 43 38 13 26 33 9 45 41 28 18 49 46 13 13 43 29 8 43 
36
18 9 11 9 20 24 3 29 38 24 21 6 33 33 13 18 9 40 47 18 7 15 3 27 15 49 39 44 44 43 40 18 3 24 14 5 
46
47 32 11 9 39 48 14 47 38 32 38 20 14 5 32 46 34 41 36 49 30 12 29 27 26 34 31 34 21 37 11 39 7 9 8 38 12 25 49 6 34 29 33 29 25 13 
14
25 47 8 38 36 31 17 43 42 49 12 39 48 19 
50
31 28 17 23 30 22 11 30 26 12 18 11 10 19 15 31 28 12 22 12 11 18 27 27 12 10 22 13 22 15 27 24 17 20 10 17 17 29 14 32 20 21 33 13 22 17 34 9 25 17 
40
37 16 33 50 28 44 2 4 47 1 23 5 3 40 25 40 24 5 32 36 37 35 33 16 18 12 12 17 8 20 46 23 12 6 11 10 19 17 33 26 
49
25 26 32 33 26 22 31 24 34 32 22 23 21 29 27 30 23 32 21 28 21 31 22 23 21 30 35 29 32 26 32 31 24 29 22 22 34 23 21 26 30 27 31 23 30 28 24 30 22 
47
40 40 8 32 13 4 42 27 8 13 43 28 45 26 6 11 30 33 40 29 7 4 10 18 27 18 3 18 4 44 28 8 39 24 27 22 26 17 7 2 37 8 24 26 21 40 36 
40
36 9 13 9 46 22 35 16 6 39 31 5 31 13 10 10 13 50 21 22 4 45 7 27 4 15 41 13 45 46 49 38 8 4 40 34 29 8 49 18 
5
33 32 34 31 34 
12
32 35 44 19 50 35 18 45 43 32 34 2 
37
24 30 45 47 29 42 36 34 41 30 34 21 39 31 38 23 46 40 39 39 49 49 34 41 30 43 35 21 34 46 41 35 38 44 31 31 21 
15
2 2 1 2 2 1 2 1 2 2 2 2 1 1 2 
24
23 2 20 41 1 30 27 45 14 11 29 26 31 22 45 31 33 14 34 7 12 6 21 3 
3
46 29 17 
8
12 42 5 10 14 32 41 18 
48
27 49 28 7 2 21 50 23 30 40 9 18 16 22 2 7 38 17 40 23 19 46 32 23 5 15 3 41 23 15 15 26 24 10 15 26 12 39 2 22 15 15 7 31 32 46 26 8 
37
21 13 43 36 14 24 42 6 23 38 13 2 43 41 36 42 31 26 36 44 40 13 12 29 17 41 10 27 47 38 21 46 49 40 15 46 31 
18
10 10 8 8 9 10 10 7 10 7 9 10 10 10 10 9 10 7 
37
35 13 27 34 37 16 6 32 13 26 33 30 9 42 39 24 4 26 10 48 8 33 10 27 33 12 35 33 40 6 22 40 46 17 46 43 20 
24
18 14 28 4 10 7 2 15 31 8 5 23 21 34 4 22 9 43 41 42 31 25 40 22 
33
32 35 48 4 1 26 10 22 8 42 45 25 35 9 32 42 23 46 31 24 20 16 19 50 49 35 14 46 26 30 42 4 45 
31
36 38 36 39 43 31 40 49 35 46 46 32 29 48 40 43 38 41 44 39 39 45 46 49 36 45 28 39 45 40 48 
2
35 13 
50
29 38 34 39 21 37 40 40 37 37 31 36 30 23 38 37 32 32 22 35 36 34 39 32 27 32 27 35 32 25 27 37 34 34 21 31 23 29 40 34 39 34 24 34 35 25 21 31 38 34 
14
14 6 36 17 8 46 37 35 5 19 27 11 12 44 
