5
40 100
0 854 1125 1458 1621 1755 1210 1296 221 1391 976 557 72 1630 1683 454 545 865 669 240 645 459 1636 1049 1487 1427 848 1299 1047 30 31 634 1655 403 594 1639 1659 124 1392 1633 
634 0 111 287 1951 1036 903 264 542 69 624 1933 1509 1514 233 959 1834 1505 484 820 459 1738 1880 339 1103 291 1969 393 1489 646 1035 323 244 38 1062 645 565 512 552 768 
657 847 0 1311 1943 1355 120 1211 414 1787 1508 630 437 190 410 1441 709 1352 662 1765 1962 905 1547 648 647 1498 1835 1344 1129 485 1549 324 776 1718 161 861 155 884 1703 214 
1691 1265 1410 0 433 98 1789 409 166 1639 343 480 467 1336 1789 566 1049 1077 1012 1146 1274 1656 473 1735 1972 616 230 1501 1753 853 1304 426 1161 690 106 864 1729 1858 1040 11 
392 1500 105 285 0 1270 479 1338 1446 1877 41 1128 1872 395 1022 305 194 1791 314 1666 1423 914 244 1494 1529 428 1386 1137 226 1581 139 1241 616 41 1785 1828 1377 876 127 929 
1357 1809 1195 1439 1418 0 1548 179 772 1714 259 669 7 663 797 1362 1411 735 658 899 477 1928 1799 557 648 553 173 839 760 1232 1003 296 231 1519 1165 709 29 1427 786 422 
1206 666 118 1235 1947 1781 0 1055 628 1909 1722 724 1956 483 1828 199 674 557 858 1798 436 1342 1406 1805 1721 931 1881 128 25 1526 783 1164 1143 1564 614 649 1308 244 263 194 
607 194 1491 490 1732 1022 1634 0 1840 158 29 1392 1881 639 821 1659 715 1613 413 184 550 589 13 1907 292 1973 1206 1383 1345 726 1593 1420 1089 729 178 444 1583 119 891 426 
1596 1850 335 1970 439 1532 1195 1008 0 720 1458 836 1857 1578 1037 616 177 1481 1500 1366 1084 240 3 1225 1237 997 1772 1231 1584 1422 1073 963 663 713 1361 1260 1727 748 839 1378 
744 1510 1300 899 639 69 1595 640 768 0 246 103 127 763 543 1477 916 995 818 1446 68 88 1351 257 588 674 42 591 99 1954 569 203 1390 1360 1735 1095 974 456 167 1392 
1463 280 1712 146 1005 533 1539 412 1566 237 0 1785 1027 314 209 1543 607 141 1670 1164 591 1137 754 1121 882 1181 1395 641 336 1735 1774 1011 159 1694 1888 1675 733 271 1750 1469 
1871 1420 1185 1549 979 1908 1100 818 1062 1442 5 0 121 294 394 1699 1445 1923 490 1369 1873 753 1863 1320 217 1028 402 1748 223 1258 1469 940 1617 1950 490 1664 1556 1328 714 1010 
1121 1777 1335 1334 496 777 179 1362 287 893 44 1541 0 905 92 997 784 418 948 1231 1477 379 1042 1151 734 441 623 970 175 23 254 1209 1146 1271 1692 203 1073 1609 664 1764 
93 1884 1567 54 1463 440 1358 1322 894 1015 1079 1718 10 0 1760 230 362 1943 258 272 1839 733 1645 1289 505 1705 689 1742 1861 1370 1764 560 208 1219 1009 1537 776 614 640 298 
1981 1338 1108 1900 1506 187 915 1204 1094 1665 1781 896 1570 1867 0 354 170 798 645 1002 839 688 1335 307 1873 1533 1867 1427 107 1896 549 208 1862 124 65 1348 261 1692 1723 1934 
296 1452 1961 1258 71 1867 1845 1074 1368 232 1439 850 1663 525 619 0 767 398 773 1052 853 1034 1133 20 1088 1073 425 1571 1117 645 359 1453 1085 1863 1399 1929 1994 602 1755 1693 
290 149 1474 1265 828 1381 1702 1890 1994 40 473 1153 112 1674 1263 1805 0 1233 1661 1566 59 1537 959 1386 316 1959 543 785 1911 681 1286 1690 430 1676 1737 1918 1126 1831 700 833 
326 815 1686 1641 218 1390 1539 1480 441 1836 619 1186 1716 1237 1404 102 1954 0 1134 1473 1857 252 623 1679 1112 587 1662 1117 1004 202 760 788 1029 6 1276 1678 1130 1621 757 928 
1500 918 1345 430 971 489 868 358 1110 1223 699 985 907 988 1319 297 1282 1426 0 1976 1793 130 717 230 1572 1847 863 930 125 417 1166 1904 936 73 528 430 1365 308 405 283 
1055 237 1069 424 962 1739 1995 512 1758 1924 198 1520 1502 241 346 1145 219 700 1281 0 1125 622 799 1971 875 1366 1385 1791 1542 345 884 607 883 1150 1617 1125 1151 1740 1396 1331 
1959 575 1987 1203 1496 741 1672 1596 586 162 1874 413 165 336 1337 338 1911 1475 1692 493 0 623 1175 1561 810 548 1069 579 256 731 946 1871 1131 1175 1058 471 1436 364 1223 172 
894 490 1589 1279 673 1371 108 51 366 558 1814 1955 1102 1627 331 1299 494 399 1219 249 648 0 1924 727 514 419 639 1750 1832 1972 1074 1227 1086 464 1941 1405 1977 1685 1074 1551 
1227 881 1756 1508 149 211 995 1310 1768 623 541 577 1181 1446 1079 1156 796 1302 649 459 1537 535 0 27 709 1599 1513 1089 833 1075 87 1817 753 1662 448 1294 518 766 1038 181 
562 1593 1376 929 1779 1533 1252 14 1156 1814 361 1682 510 1100 1891 1733 1425 891 1485 78 996 1660 808 0 1461 884 1357 957 1949 720 533 1894 878 1610 696 990 1360 1520 1831 768 
21 20 1814 174 1752 183 1213 595 311 886 621 1091 536 1088 867 954 1769 1039 1422 192 704 1109 881 1500 0 982 1186 256 919 1787 1965 756 341 476 392 617 852 370 19 384 
888 1774 1789 1162 1051 1573 1815 1261 959 1100 1046 581 1736 56 554 818 945 1742 1308 422 1604 1538 1057 836 177 0 142 1405 969 194 22 1859 778 576 240 397 1730 853 64 1566 
443 1929 748 1583 131 1709 518 1554 1334 670 1080 1153 89 268 513 963 1478 127 613 1390 691 1063 247 215 435 396 0 971 937 444 385 181 1048 1034 322 1797 1203 1886 1692 1620 
1674 1597 517 192 523 710 131 1343 350 482 583 935 260 809 1780 1032 1399 796 879 1148 919 249 412 1269 180 1388 1221 0 61 1310 361 222 89 461 152 480 1004 893 1664 391 
677 686 1256 1733 1451 1854 83 686 103 1010 1564 317 189 599 287 1130 1471 1360 1317 303 1352 537 1373 436 1927 984 1674 1571 0 760 734 1865 1488 369 115 325 1164 484 266 601 
599 1287 1520 1267 1216 1280 1406 724 993 1691 1312 708 235 263 1952 161 902 395 293 1901 1838 582 271 248 432 290 1824 1098 591 0 1598 1647 869 1364 1532 60 79 338 145 897 
1707 977 1762 1468 1896 361 322 1691 1038 444 46 1176 809 8 1717 59 1731 1127 1849 735 1684 853 1841 1596 919 1044 1859 1383 1281 1463 0 1218 782 1174 262 1838 431 1989 1346 875 
850 800 1134 1811 964 1387 1167 1592 1020 1194 555 946 786 871 886 25 1978 1566 761 517 1561 1769 1610 949 1533 25 320 1563 223 799 1620 0 1758 342 1451 576 489 162 1838 14 
394 203 304 406 1405 900 301 802 3 395 90 835 1282 901 1844 1053 268 1665 454 1109 1560 1476 1487 1070 1230 1735 1319 867 1069 1633 1618 1379 0 1084 35 964 1435 1126 263 1046 
1768 589 1491 1000 103 1878 1947 1438 812 95 1152 1574 852 1944 1096 1866 1041 657 692 660 807 324 632 516 242 1820 63 1377 550 1021 1020 745 699 0 332 1618 353 391 1850 1730 
1294 195 1174 509 800 730 115 802 263 976 1856 1532 20 990 518 989 460 1905 1587 741 1943 1260 210 1886 1718 198 542 1392 187 1757 1179 351 618 908 0 449 208 587 993 1441 
1246 573 30 1131 389 1211 1276 867 243 1680 1374 76 1091 1024 473 1796 1784 74 941 1073 161 532 77 1129 64 1914 1264 797 1517 540 793 323 374 1876 1555 0 1052 858 1476 1479 
1915 1444 1889 1922 1682 1566 1586 450 1177 1122 1666 804 1460 1574 1926 1440 460 1466 626 1746 724 1630 1142 381 1876 1364 789 987 1454 1328 1152 1931 1658 908 1088 839 0 1155 935 46 
99 235 1104 1071 961 309 200 1174 111 1160 809 481 440 1413 807 718 1717 972 603 111 710 125 169 983 1195 329 437 991 1868 393 1932 1528 1398 1595 1884 421 294 0 152 963 
1539 15 484 1699 1490 59 282 527 505 243 1006 1080 1266 1625 151 1989 1778 907 706 1317 324 1266 1894 547 705 1565 1884 1888 1076 1695 1565 1438 1076 1167 731 910 1591 1911 0 796 
1333 132 1168 851 930 1777 1121 100 915 307 1108 1801 1629 802 613 1526 13 1010 1328 251 1051 576 1322 1361 1235 1545 709 847 1767 1519 758 1623 889 780 1466 1902 1582 1066 597 0 
37 28 8 16 18 28 18 3 34 6 1 20 32 26 1 20 4 4 12 26 26 30 32 34 17 19 23 17 13 21 31 3 38 8 24 5 15 13 16 12 16 16 2 28 4 26 35 17 11 39 12 9 33 1 3 8 37 4 17 19 20 8 29 37 19 34 40 37 24 19 31 6 34 32 28 14 36 16 21 16 7 25 28 10 29 19 29 23 22 19 11 6 38 10 11 10 5 11 8 8 
40 100
0 770 858 878 820 840 904 860 984 1042 950 775 907 1063 773 1041 858 885 1043 845 990 1035 771 807 977 787 994 846 926 859 822 983 943 1013 821 960 894 962 894 976 
863 0 854 933 870 974 793 996 802 950 808 1031 781 1054 785 833 1030 986 1005 999 840 820 886 891 898 1000 816 1028 1004 985 1009 759 1020 801 876 944 872 1064 1010 765 
1048 785 0 961 1030 894 971 906 913 873 963 1031 1046 1046 858 941 782 772 804 896 1013 815 789 968 1024 846 868 939 1053 1005 1000 830 896 778 880 846 779 1024 970 770 
1032 852 949 0 909 873 1021 1064 889 1011 953 1007 886 970 942 964 894 1031 940 823 907 900 1054 836 933 820 870 951 936 1000 980 978 875 801 1001 864 859 1037 980 1058 
934 984 889 955 0 966 1035 874 1053 773 834 801 824 971 903 910 1034 782 844 772 776 857 949 816 789 848 840 1020 968 772 814 797 1014 994 810 966 905 770 850 916 
795 993 975 1029 899 0 915 1035 969 909 876 920 979 953 905 776 1019 955 958 1041 818 1054 802 763 842 1064 1032 837 939 968 1014 975 1028 1020 876 1020 943 940 867 932 
832 972 856 794 964 1052 0 759 893 1056 775 843 787 1037 973 996 887 824 1011 811 881 759 1030 1040 1053 777 894 811 915 992 997 818 774 854 935 762 1045 941 1035 956 
828 1016 1042 811 939 833 937 0 921 952 844 847 765 947 819 1049 948 837 963 1055 809 761 838 848 805 1026 941 990 912 793 854 983 906 1032 1046 1028 999 867 965 850 
877 848 1018 887 889 914 955 914 0 1052 927 900 902 874 808 967 928 766 859 903 824 977 859 971 1036 816 941 889 942 834 807 830 913 942 916 950 801 913 938 859 
924 827 835 953 968 1045 943 1032 1025 0 1007 891 924 806 839 1026 800 893 1039 766 1009 1010 770 1010 880 886 894 980 963 931 961 800 762 993 918 958 781 868 1019 1018 
764 937 945 804 829 1056 949 968 991 897 0 825 911 897 1034 899 921 922 1010 888 770 876 949 1058 882 930 977 1029 1037 876 780 872 909 1001 773 859 975 1043 798 818 
951 772 874 782 886 952 999 1000 994 908 880 0 905 952 869 913 917 838 920 941 862 994 1036 1032 838 814 1017 890 829 791 790 903 820 970 1026 862 888 919 918 782 
870 981 762 977 768 872 1006 1019 1011 925 930 856 0 862 1057 940 897 967 897 975 912 1057 896 907 952 939 768 760 865 898 1000 763 840 951 1043 846 784 763 980 818 
868 1052 796 864 978 984 831 997 969 1048 850 1039 790 0 1039 984 819 987 912 937 896 1012 851 785 1022 780 939 867 900 934 856 1057 826 870 1002 872 884 971 1022 797 
897 881 1016 1016 951 1038 999 1024 802 780 836 877 1055 822 0 935 813 934 873 1047 819 970 820 976 913 930 844 767 857 1004 928 946 903 923 768 951 1007 777 1060 983 
799 830 986 907 799 919 765 1027 854 919 876 944 1045 1015 1062 0 907 879 772 1046 818 893 980 1048 881 1007 853 1038 854 852 777 1028 921 901 859 892 943 827 890 810 
1043 874 933 1045 894 916 937 850 786 854 891 914 908 976 815 797 0 783 778 1061 819 1034 822 917 966 886 1013 994 1038 782 829 1057 852 951 796 820 1039 809 999 952 
1021 981 1014 916 1024 767 1021 913 962 779 912 866 930 853 895 770 1036 0 897 871 768 1004 881 945 813 885 823 891 881 920 864 1022 1039 790 864 891 937 874 913 959 
985 995 836 800 959 815 787 1039 785 779 898 835 947 873 961 999 886 995 0 813 917 769 1050 882 825 1043 1019 985 762 1018 940 825 920 784 894 1030 895 801 962 1014 
974 1044 839 974 898 800 988 1009 891 810 833 983 789 759 802 947 788 1058 846 0 966 795 996 949 878 938 1028 876 1061 829 965 895 991 1015 913 974 963 1021 785 819 
961 1008 904 943 914 798 1025 869 845 1041 853 842 925 862 780 943 1008 838 769 990 0 1018 802 916 930 1035 983 807 797 1043 1006 948 852 933 981 855 861 882 898 1041 
803 967 780 802 857 1035 863 920 1034 828 973 993 942 830 765 997 1015 960 860 970 855 0 823 791 831 1002 772 812 893 943 891 859 1034 1055 778 1053 1031 826 952 1010 
856 1059 846 847 855 908 1045 763 874 881 995 979 1053 760 976 789 962 888 834 785 768 963 0 886 837 894 843 1052 993 946 828 851 773 869 771 892 1057 996 775 929 
926 970 907 863 1053 879 883 766 887 873 1062 778 789 979 921 806 935 966 799 873 819 1041 873 0 1037 875 1009 786 1029 877 876 870 839 930 923 761 818 828 1016 1064 
931 950 1015 824 869 1052 957 962 991 964 795 780 798 861 1016 913 944 1038 911 871 1010 801 818 799 0 908 854 799 771 776 962 764 1037 852 811 828 843 803 1021 842 
792 934 810 1005 995 1032 969 1048 1063 778 801 1030 965 834 833 933 1044 778 795 901 772 889 881 962 1026 0 780 951 881 838 910 1063 858 812 835 846 964 1020 959 836 
783 1030 814 881 936 796 1031 839 879 790 787 767 1014 822 958 926 793 901 987 985 918 955 811 1018 1018 1007 0 1054 892 953 949 771 1039 807 826 886 1006 1023 902 823 
1027 794 760 808 816 866 860 892 790 1005 978 987 1011 833 926 783 784 855 949 785 942 796 820 771 990 959 759 0 1016 938 1040 809 1032 832 922 815 1036 1009 1045 931 
901 863 962 988 989 900 1060 834 880 788 905 892 844 840 813 775 884 857 944 854 1052 904 1048 788 781 880 816 784 0 987 779 1014 857 830 854 1043 989 812 940 775 
832 1062 810 804 968 873 960 1036 980 1054 959 1008 832 1064 880 833 796 763 977 1063 800 909 816 1014 1016 786 768 864 765 0 918 785 836 860 924 1063 847 936 899 996 
1053 840 887 941 998 807 1002 966 1005 823 902 922 883 1008 993 886 929 1015 819 977 768 859 784 788 764 844 896 766 1051 889 0 854 837 808 925 980 1057 954 1023 837 
962 791 956 810 1016 1057 1018 823 902 964 898 895 927 1046 888 960 1050 955 1043 816 1060 780 787 959 787 860 769 1014 992 840 867 0 797 1016 800 840 1010 867 944 797 
795 821 949 859 936 950 879 834 898 761 957 821 1014 1040 828 841 940 980 935 1047 845 972 759 761 1007 840 818 867 769 1032 776 923 0 979 835 810 970 821 1003 856 
914 843 801 963 961 1020 991 918 972 1019 827 878 1048 781 951 954 999 982 901 933 963 1031 963 907 932 773 838 874 1039 919 959 932 791 0 884 935 762 1054 870 862 
799 994 949 895 1040 948 1047 876 906 1009 984 897 958 882 897 800 870 903 861 807 776 858 1028 1042 842 1050 959 870 1056 762 1039 773 853 931 0 835 874 959 791 956 
764 1059 991 925 775 890 819 1055 900 849 997 1038 760 826 938 1035 1011 988 1000 826 904 884 965 1013 1004 1050 994 1042 963 973 868 784 879 1023 913 0 787 1008 821 949 
965 1044 1042 986 863 766 1056 1045 931 911 900 906 972 1026 909 968 1015 860 1057 759 962 1031 789 916 839 831 796 860 777 956 1055 802 1023 991 833 854 0 806 958 912 
1014 982 768 1045 942 912 1024 781 974 836 963 995 972 807 790 831 1047 900 847 855 1015 798 903 909 861 927 775 848 896 837 918 982 904 1002 960 776 905 0 890 836 
1048 977 926 1028 800 817 809 774 909 948 816 1008 853 762 1031 796 902 1025 769 794 907 1057 1043 972 868 945 875 824 1015 967 958 863 890 835 823 772 785 934 0 1055 
1039 811 959 1015 838 796 985 934 801 858 1010 860 866 1025 777 909 906 903 839 824 762 836 1038 1042 762 920 811 850 775 962 763 1062 934 943 832 849 955 835 879 0 
19 12 37 40 16 24 14 36 5 8 31 13 30 32 28 15 26 9 23 38 4 39 5 31 2 10 31 20 9 22 2 5 23 3 24 25 31 21 5 1 17 36 26 22 23 6 29 37 2 32 23 34 27 25 21 10 2 15 24 32 34 32 21 17 26 34 6 8 6 27 22 19 12 26 33 28 32 20 18 24 33 16 3 27 25 4 17 3 16 38 4 9 26 35 35 3 21 27 23 20 
40 100
0 1672 1484 1517 1652 1410 1566 1338 1579 1434 1354 1496 1396 1544 1565 1778 1329 1328 1473 1479 1525 1495 1574 1777 1724 1436 1588 1535 1433 1316 1407 1492 1743 1491 1737 1643 1298 1324 1419 1487 
1529 0 1647 1757 1343 1274 1794 1665 1345 1617 1631 1762 1797 1773 1675 1584 1784 1767 1562 1666 1485 1358 1796 1653 1326 1310 1608 1701 1464 1425 1640 1307 1293 1429 1476 1305 1468 1297 1498 1528 
1697 1638 0 1296 1780 1560 1739 1567 1339 1732 1720 1506 1413 1463 1656 1588 1780 1672 1348 1693 1423 1715 1309 1372 1295 1314 1522 1697 1356 1689 1671 1740 1601 1481 1336 1624 1279 1482 1469 1688 
1351 1615 1648 0 1698 1276 1321 1540 1561 1583 1696 1304 1467 1445 1628 1312 1696 1448 1397 1479 1628 1450 1510 1733 1444 1723 1650 1602 1313 1747 1289 1666 1343 1540 1403 1484 1775 1494 1465 1675 
1351 1582 1794 1489 0 1575 1509 1554 1541 1409 1429 1576 1291 1643 1460 1494 1777 1280 1566 1528 1744 1392 1538 1501 1325 1391 1742 1722 1398 1618 1374 1277 1711 1607 1299 1546 1712 1505 1349 1609 
1728 1292 1294 1696 1317 0 1406 1340 1397 1359 1417 1640 1706 1314 1331 1286 1320 1480 1740 1297 1524 1380 1500 1793 1743 1602 1738 1331 1654 1342 1685 1514 1426 1594 1521 1676 1793 1531 1290 1291 
1770 1605 1385 1537 1411 1561 0 1570 1323 1426 1595 1779 1298 1764 1439 1577 1533 1698 1634 1628 1485 1664 1688 1496 1522 1317 1364 1608 1758 1436 1349 1664 1520 1387 1514 1499 1700 1386 1273 1428 
1412 1274 1632 1539 1675 1613 1507 0 1760 1482 1548 1287 1679 1746 1458 1473 1593 1274 1349 1557 1708 1405 1461 1487 1728 1540 1323 1356 1452 1778 1699 1789 1618 1326 1470 1658 1483 1423 1284 1506 
1438 1405 1748 1647 1741 1610 1547 1459 0 1511 1733 1455 1687 1768 1465 1462 1723 1738 1468 1279 1760 1273 1700 1760 1555 1587 1296 1563 1635 1770 1761 1684 1674 1594 1324 1719 1344 1781 1767 1669 
1507 1322 1444 1670 1749 1506 1431 1756 1329 0 1403 1756 1654 1730 1555 1411 1387 1331 1306 1314 1364 1768 1353 1695 1321 1496 1585 1742 1554 1569 1617 1592 1732 1536 1483 1566 1629 1661 1636 1449 
1794 1276 1359 1584 1396 1643 1527 1744 1791 1500 0 1362 1734 1374 1300 1465 1637 1321 1452 1355 1484 1781 1534 1684 1717 1334 1418 1347 1553 1607 1321 1569 1562 1722 1590 1534 1743 1318 1714 1682 
1443 1765 1497 1417 1738 1774 1325 1311 1421 1646 1724 0 1640 1579 1660 1632 1614 1479 1740 1598 1420 1459 1459 1518 1376 1509 1362 1329 1384 1323 1668 1304 1316 1639 1525 1617 1446 1501 1796 1279 
1347 1656 1773 1516 1333 1273 1411 1784 1592 1330 1658 1445 0 1474 1460 1613 1683 1669 1715 1767 1677 1579 1357 1762 1790 1666 1544 1633 1352 1724 1501 1325 1426 1553 1731 1277 1531 1551 1664 1774 
1672 1654 1626 1307 1565 1522 1629 1390 1708 1686 1692 1730 1331 0 1511 1778 1642 1590 1306 1796 1748 1335 1515 1789 1466 1442 1587 1398 1485 1292 1607 1782 1491 1525 1581 1583 1582 1757 1684 1675 
1600 1395 1298 1656 1595 1291 1585 1485 1300 1578 1451 1761 1723 1769 0 1498 1543 1667 1405 1638 1315 1504 1460 1762 1676 1357 1792 1441 1555 1562 1513 1342 1738 1375 1655 1405 1554 1458 1520 1611 
1483 1609 1344 1638 1705 1489 1658 1648 1373 1312 1768 1518 1436 1554 1534 0 1764 1764 1536 1539 1387 1376 1368 1315 1370 1380 1745 1335 1767 1715 1626 1685 1533 1643 1796 1672 1681 1464 1555 1290 
1530 1668 1765 1527 1326 1725 1322 1738 1278 1539 1597 1577 1300 1745 1378 1522 0 1334 1565 1374 1348 1701 1288 1583 1291 1786 1508 1619 1539 1489 1480 1755 1794 1303 1574 1328 1441 1562 1633 1554 
1483 1536 1635 1474 1531 1278 1686 1529 1316 1387 1636 1379 1308 1359 1746 1726 1797 0 1536 1473 1604 1383 1686 1436 1698 1280 1583 1732 1581 1773 1444 1433 1575 1737 1372 1546 1361 1292 1622 1345 
1665 1579 1380 1427 1548 1512 1523 1596 1593 1647 1437 1493 1348 1447 1525 1750 1506 1641 0 1391 1290 1716 1434 1666 1568 1387 1748 1527 1746 1444 1646 1323 1723 1392 1550 1685 1784 1480 1664 1732 
1590 1689 1295 1763 1277 1630 1557 1728 1604 1400 1385 1681 1377 1737 1794 1607 1787 1420 1499 0 1666 1646 1292 1443 1586 1357 1636 1782 1627 1555 1520 1603 1643 1436 1695 1776 1533 1765 1485 1429 
1580 1295 1598 1767 1498 1556 1281 1729 1605 1541 1677 1659 1413 1349 1397 1622 1515 1533 1721 1391 0 1359 1344 1322 1742 1322 1590 1341 1466 1581 1374 1582 1286 1333 1427 1415 1535 1491 1583 1700 
1537 1542 1625 1734 1413 1768 1769 1613 1704 1607 1772 1554 1632 1717 1662 1451 1328 1296 1543 1773 1685 0 1442 1350 1594 1338 1630 1520 1790 1291 1325 1795 1615 1760 1392 1687 1616 1299 1613 1376 
1350 1716 1342 1439 1728 1622 1650 1473 1722 1618 1285 1555 1756 1737 1651 1379 1534 1603 1529 1347 1296 1739 0 1278 1748 1545 1794 1366 1770 1730 1521 1323 1555 1600 1726 1298 1735 1408 1785 1599 
1572 1761 1388 1455 1585 1322 1764 1583 1714 1619 1477 1671 1730 1580 1686 1541 1390 1652 1780 1657 1497 1521 1510 0 1704 1606 1409 1326 1709 1741 1767 1399 1783 1756 1394 1338 1707 1676 1337 1538 
1649 1426 1448 1722 1349 1358 1273 1368 1341 1666 1472 1277 1711 1308 1453 1720 1557 1637 1737 1523 1576 1785 1356 1524 0 1605 1429 1482 1513 1337 1392 1590 1781 1509 1520 1795 1392 1553 1699 1562 
1694 1449 1668 1442 1386 1742 1722 1438 1388 1339 1396 1503 1769 1738 1306 1323 1746 1577 1745 1657 1595 1548 1607 1374 1686 0 1470 1510 1395 1591 1516 1684 1457 1516 1595 1477 1589 1341 1505 1613 
1417 1527 1273 1512 1574 1350 1336 1729 1547 1690 1628 1582 1762 1661 1786 1448 1331 1382 1786 1732 1580 1589 1794 1587 1393 1768 0 1775 1292 1276 1663 1408 1555 1357 1502 1792 1322 1703 1360 1515 
1289 1437 1578 1637 1296 1752 1328 1406 1298 1716 1486 1716 1514 1667 1692 1644 1454 1553 1359 1717 1784 1297 1313 1608 1715 1416 1331 0 1479 1618 1707 1327 1438 1486 1591 1744 1333 1559 1673 1758 
1278 1487 1390 1386 1353 1409 1574 1720 1597 1726 1756 1578 1637 1672 1663 1794 1665 1374 1288 1714 1293 1461 1776 1657 1290 1682 1354 1775 0 1768 1731 1752 1570 1707 1290 1644 1540 1288 1707 1701 
1701 1381 1473 1790 1788 1295 1556 1753 1610 1440 1717 1439 1643 1480 1733 1323 1273 1391 1344 1411 1768 1425 1492 1650 1783 1584 1774 1503 1622 0 1276 1621 1519 1708 1605 1389 1502 1669 1705 1672 
1352 1738 1727 1317 1311 1599 1585 1704 1772 1566 1618 1322 1610 1724 1484 1390 1618 1413 1378 1754 1549 1711 1656 1513 1317 1324 1415 1428 1320 1577 0 1294 1700 1423 1665 1665 1484 1531 1422 1693 
1433 1706 1331 1497 1693 1303 1312 1295 1434 1623 1500 1521 1332 1660 1697 1383 1427 1432 1284 1616 1761 1780 1685 1338 1312 1716 1441 1755 1374 1380 1739 0 1350 1295 1675 1321 1789 1338 1727 1509 
1389 1341 1424 1418 1520 1435 1313 1297 1629 1782 1309 1787 1556 1510 1584 1639 1336 1584 1316 1459 1408 1588 1486 1397 1763 1351 1386 1459 1678 1474 1401 1379 0 1490 1461 1697 1554 1501 1575 1655 
1452 1349 1484 1571 1796 1698 1623 1475 1362 1731 1500 1635 1298 1617 1683 1324 1653 1387 1394 1720 1393 1764 1343 1693 1365 1411 1532 1677 1489 1311 1433 1452 1409 0 1683 1509 1750 1551 1530 1439 
1544 1711 1280 1500 1507 1749 1551 1333 1544 1465 1364 1507 1673 1387 1298 1712 1605 1364 1744 1737 1274 1424 1787 1362 1292 1365 1562 1320 1767 1747 1662 1492 1518 1430 0 1784 1676 1706 1687 1484 
1387 1622 1566 1669 1583 1488 1306 1589 1386 1641 1303 1376 1621 1378 1388 1636 1391 1792 1586 1656 1610 1519 1319 1730 1681 1367 1527 1384 1615 1704 1409 1603 1350 1499 1635 0 1409 1573 1783 1324 
1580 1623 1709 1504 1392 1452 1535 1570 1565 1679 1601 1720 1664 1285 1755 1674 1669 1561 1592 1556 1575 1623 1695 1425 1795 1472 1360 1628 1542 1655 1544 1637 1369 1513 1496 1492 0 1760 1553 1561 
1531 1640 1632 1457 1758 1740 1661 1430 1596 1301 1702 1752 1727 1672 1367 1708 1723 1285 1775 1614 1368 1757 1538 1299 1710 1363 1287 1322 1284 1466 1602 1390 1471 1678 1702 1334 1646 0 1582 1521 
1528 1625 1771 1660 1766 1704 1307 1273 1652 1763 1341 1540 1486 1410 1722 1422 1542 1715 1715 1304 1278 1362 1407 1372 1556 1409 1495 1406 1541 1408 1497 1624 1405 1564 1377 1390 1694 1392 0 1623 
1445 1283 1588 1625 1275 1660 1611 1561 1599 1438 1794 1313 1642 1362 1593 1740 1682 1687 1796 1709 1720 1683 1678 1361 1490 1651 1677 1795 1312 1786 1359 1672 1534 1561 1719 1644 1521 1578 1553 0 
23 11 12 13 8 17 18 22 22 35 15 25 13 40 32 18 6 24 18 33 30 10 18 27 13 30 34 13 23 12 19 13 30 19 22 9 23 3 34 5 17 11 9 9 9 28 34 40 40 36 25 19 27 36 2 28 34 26 18 27 18 8 6 21 36 27 26 24 27 5 28 32 9 11 14 13 19 8 15 19 32 8 26 32 39 30 37 9 30 38 20 6 35 36 28 1 15 35 32 12 
40 100
0 777 681 775 542 209 230 387 521 278 390 249 563 229 751 240 817 798 190 319 186 521 474 392 498 307 780 533 244 470 485 609 239 439 765 73 789 173 779 618 
746 0 591 771 528 404 704 323 177 320 306 440 568 308 528 796 115 521 119 421 644 781 195 489 87 458 470 715 551 66 294 165 192 712 236 357 660 236 563 235 
79 138 0 272 768 446 127 727 65 754 561 785 238 490 616 770 353 608 97 252 545 815 453 618 126 689 560 305 486 574 577 596 83 728 583 799 178 434 713 343 
357 564 518 0 650 751 528 603 819 395 788 194 802 756 528 276 320 762 315 530 250 479 489 304 339 327 309 133 159 663 727 533 624 376 208 391 468 268 543 728 
600 257 688 337 0 347 592 414 265 214 345 457 764 200 326 140 704 199 755 182 450 769 648 266 273 215 269 640 83 509 467 607 110 471 66 80 594 675 549 521 
481 441 707 283 538 0 186 502 131 655 290 480 73 786 131 583 208 713 557 668 209 554 759 618 122 85 305 426 183 749 589 68 419 692 657 313 797 766 334 612 
585 479 439 445 572 680 0 81 244 652 420 490 180 640 164 139 663 315 347 75 691 190 292 531 609 541 764 617 225 589 336 677 747 560 792 568 535 248 541 243 
79 633 558 682 783 669 454 0 176 644 393 500 810 696 741 740 650 454 455 465 750 63 81 357 571 126 566 371 698 344 268 679 142 444 251 464 357 314 478 169 
561 503 429 624 555 376 67 814 0 233 487 402 241 232 120 180 103 432 187 242 796 365 526 552 153 748 630 84 534 186 368 152 78 316 283 594 513 534 141 541 
489 395 531 530 823 648 400 150 487 0 582 153 287 75 166 484 340 431 623 800 421 101 741 128 645 82 290 311 575 444 139 310 779 412 226 119 309 151 595 618 
318 593 279 303 149 170 602 293 128 186 0 159 245 688 335 766 612 113 758 467 822 156 593 401 332 72 173 72 811 269 498 695 778 723 177 424 437 142 827 731 
320 699 499 811 284 788 185 447 233 667 273 0 154 409 567 273 135 334 311 227 566 213 268 189 703 209 533 635 277 65 291 153 666 62 238 431 462 596 722 430 
262 392 465 168 299 462 437 819 179 149 211 740 0 125 655 450 534 662 73 556 568 542 144 526 784 812 655 682 485 183 570 588 601 399 275 265 536 789 347 608 
193 119 481 505 628 153 321 289 436 325 663 733 792 0 481 183 678 826 708 636 794 296 558 270 387 707 370 127 347 219 643 682 481 502 215 586 292 441 418 577 
506 628 507 826 139 102 799 367 483 795 178 561 585 371 0 340 243 795 662 172 482 507 469 324 63 708 286 824 784 309 445 203 187 574 589 771 85 449 87 563 
206 546 727 496 314 167 537 117 553 655 668 281 621 253 319 0 781 263 685 687 470 137 230 804 623 516 638 668 580 755 736 116 95 465 217 559 716 455 707 336 
762 205 645 640 113 114 344 250 166 71 681 440 89 698 599 240 0 771 711 554 729 73 819 362 430 581 265 98 710 570 94 583 367 354 418 764 203 147 171 479 
452 775 298 672 107 712 374 706 656 219 212 82 350 259 280 522 785 0 415 181 698 733 267 755 575 172 347 198 533 619 762 362 72 828 758 116 153 350 189 256 
323 192 373 673 622 552 699 781 579 457 207 491 692 277 504 587 797 157 0 170 188 725 357 700 354 554 604 678 337 64 577 130 755 91 560 420 568 392 526 87 
783 762 168 83 223 395 244 142 146 488 249 311 162 85 101 535 682 568 67 0 229 134 480 677 506 648 745 286 223 396 211 716 682 580 628 540 461 432 602 281 
261 668 336 470 199 377 544 439 359 817 197 372 165 704 799 636 806 540 804 694 0 320 558 611 700 215 370 789 175 697 144 280 521 302 589 549 746 131 609 464 
322 745 140 781 458 757 641 323 537 230 750 813 119 764 780 100 727 754 252 226 278 0 437 605 224 224 571 564 272 327 692 152 232 145 627 244 284 708 640 178 
187 752 772 726 60 272 552 501 557 181 605 230 709 409 194 457 555 681 320 189 674 104 0 444 707 139 209 195 121 816 59 664 609 270 398 92 596 438 643 124 
798 105 470 104 791 444 811 385 175 144 189 818 694 515 292 357 605 376 137 695 210 535 630 0 813 238 550 813 569 770 662 821 212 144 431 207 640 203 241 82 
366 136 73 229 159 520 773 237 150 583 272 806 581 80 394 782 586 553 521 342 248 218 114 685 0 291 387 621 414 814 110 810 583 747 428 177 641 577 706 400 
541 600 516 793 301 522 363 286 704 161 243 162 514 735 316 787 784 513 578 435 668 666 323 647 143 0 499 467 192 787 164 460 375 359 463 177 298 460 128 820 
198 491 581 410 316 256 77 421 138 421 740 639 308 62 145 364 657 349 810 532 527 506 385 824 226 483 0 516 594 333 525 455 541 796 142 671 708 382 517 75 
365 349 725 740 201 192 680 258 815 106 576 651 229 728 124 489 428 547 647 669 193 417 795 533 254 526 136 0 126 695 433 608 121 273 422 224 760 337 523 651 
758 428 283 675 438 420 432 251 784 504 290 294 546 775 164 122 262 588 824 665 470 605 640 515 284 175 224 820 0 181 295 676 132 726 364 649 789 493 517 533 
248 518 263 626 122 634 571 445 156 215 344 713 280 821 381 690 514 148 195 685 78 215 572 313 722 108 337 759 772 0 268 417 670 728 191 551 698 538 362 225 
103 714 482 728 473 136 389 643 753 397 745 747 711 670 434 799 160 69 683 544 70 574 83 111 581 85 210 192 522 697 0 798 90 392 360 482 157 672 521 796 
177 131 634 310 797 264 546 510 125 457 354 661 316 260 626 355 265 289 668 303 804 399 814 600 230 734 646 499 416 429 662 0 290 565 537 825 646 183 372 452 
787 493 195 573 280 811 209 494 440 681 687 486 683 440 343 236 64 228 650 524 334 691 121 653 301 403 500 280 376 185 612 650 0 355 282 193 401 643 783 243 
607 757 96 645 539 117 141 76 143 160 534 719 195 465 649 218 106 618 501 772 529 529 61 276 343 139 85 213 376 252 426 208 147 0 275 623 669 377 741 78 
192 460 415 730 267 152 115 824 709 660 357 226 266 496 307 126 101 758 192 786 495 558 786 808 621 509 375 808 785 229 362 713 799 631 0 450 688 646 212 148 
111 523 190 271 196 502 746 161 604 530 714 474 475 415 715 171 387 171 677 414 259 342 803 154 486 755 196 752 183 794 481 751 394 806 334 0 828 354 398 206 
449 76 375 473 655 419 407 714 473 616 726 507 809 219 523 398 232 821 553 335 754 436 136 199 666 184 487 704 659 548 124 789 466 499 661 394 0 695 250 810 
515 579 342 397 333 530 296 486 494 615 350 786 200 556 259 504 244 274 399 518 817 230 337 717 649 184 646 387 549 262 466 516 564 242 242 88 780 0 765 193 
256 163 70 304 214 395 744 101 549 817 630 130 792 478 680 340 802 737 249 547 194 139 86 505 250 822 664 322 221 64 100 672 725 498 544 87 200 74 0 267 
508 563 485 381 103 528 552 161 306 264 556 245 712 433 199 803 672 639 768 826 489 544 349 109 88 763 377 418 160 465 413 287 197 159 413 581 754 197 73 0 
14 27 15 21 18 12 26 28 1 11 15 28 5 10 15 39 26 37 26 21 16 31 17 9 26 19 2 26 33 35 32 27 25 20 9 3 26 16 38 30 24 19 29 2 36 7 26 11 9 25 2 15 24 9 39 26 13 37 40 28 16 14 38 38 13 17 31 25 35 32 30 6 32 23 17 23 20 16 2 5 34 15 15 32 19 38 11 3 2 26 10 20 24 12 8 16 18 34 11 29 
40 100
0 18 16 4 21 22 16 33 19 1 12 11 31 37 37 6 40 33 27 3 18 28 33 23 34 1 25 17 33 7 37 4 20 26 13 13 21 36 8 12 
5 0 1 32 38 21 8 24 33 7 23 25 31 16 39 4 30 9 20 3 2 33 35 29 14 13 27 36 3 15 7 32 29 21 28 35 13 24 14 39 
35 6 0 10 19 33 22 6 31 31 10 31 36 27 13 22 8 10 1 38 10 12 3 32 28 11 9 29 17 36 1 21 14 30 36 4 2 1 4 19 
12 6 20 0 35 9 17 29 21 10 32 7 14 26 21 17 40 8 34 20 20 31 38 2 34 28 40 25 0 32 33 36 12 4 26 20 21 6 30 31 
5 36 34 6 0 2 39 37 10 8 20 22 28 2 19 15 19 3 19 20 31 19 28 3 24 34 34 33 31 0 0 18 24 0 1 3 13 27 5 2 
18 10 38 6 2 0 29 6 40 28 32 12 24 31 31 10 30 17 26 21 14 0 3 7 18 17 5 30 27 28 34 24 38 21 30 6 39 7 18 25 
20 21 8 0 7 26 0 27 19 21 20 11 34 25 38 7 23 38 16 24 5 35 40 0 1 12 6 0 21 24 2 7 18 40 8 13 17 33 10 14 
0 24 38 31 17 40 15 0 33 17 7 20 28 23 38 19 20 17 32 36 8 18 25 12 2 21 27 31 26 12 6 25 34 1 7 19 36 23 23 17 
19 7 36 36 12 25 6 19 0 11 4 3 24 22 13 36 5 1 24 25 15 18 39 30 7 0 35 14 28 8 36 4 27 4 29 9 13 8 38 16 
38 9 12 10 27 12 0 26 38 0 2 37 16 14 7 39 20 27 38 37 37 11 5 33 4 12 21 30 38 15 19 34 14 29 28 8 16 22 38 25 
11 37 18 36 37 16 36 39 38 19 0 36 8 19 4 17 16 14 13 36 34 30 33 25 28 8 39 23 30 40 8 25 24 33 27 33 18 24 15 34 
8 23 3 21 7 20 39 27 21 23 20 0 1 29 35 32 13 2 4 11 24 31 12 18 26 21 5 1 16 5 34 37 11 1 3 27 24 28 39 34 
1 32 12 10 14 18 32 13 22 14 35 7 0 12 26 0 27 6 33 22 40 20 35 10 32 18 37 8 20 32 5 40 20 39 4 11 23 25 10 27 
29 37 5 15 37 6 23 7 24 20 1 15 23 0 10 37 34 11 3 19 29 39 24 23 9 11 22 18 11 32 34 0 30 31 17 31 34 16 30 28 
12 30 1 26 17 37 32 33 16 15 30 16 9 23 0 37 16 29 6 10 38 23 11 40 24 10 35 21 25 24 3 22 11 34 40 32 32 12 29 23 
19 4 2 7 24 37 8 21 31 12 17 40 8 37 33 0 13 27 26 30 7 20 28 4 37 15 11 16 18 12 22 4 15 0 17 35 22 7 34 27 
32 8 30 16 27 26 3 4 32 17 15 39 9 22 15 10 0 29 22 37 36 33 13 33 14 28 37 28 0 8 38 1 2 13 7 16 36 4 31 33 
39 15 17 19 5 0 5 21 2 14 33 39 6 19 30 1 40 0 14 5 14 12 5 36 9 28 36 29 30 32 16 9 16 21 37 37 1 32 10 3 
33 25 10 2 16 21 32 18 26 12 16 38 33 36 2 2 29 37 0 32 2 29 12 11 40 2 36 22 28 36 21 35 28 26 0 33 1 1 24 36 
23 25 24 36 36 25 14 32 12 5 20 12 19 10 4 32 32 25 37 0 23 10 37 26 29 7 40 27 5 23 14 6 1 40 29 8 27 24 25 6 
0 15 32 34 11 23 11 8 40 10 29 27 17 27 36 16 30 31 16 21 0 4 7 0 25 40 14 23 8 7 38 1 5 21 32 32 18 8 30 37 
9 25 34 11 23 35 15 30 29 2 28 18 15 19 29 15 22 5 20 4 10 0 35 9 24 16 11 3 12 30 13 5 29 27 30 21 8 19 24 10 
20 32 40 28 27 9 31 6 15 32 31 6 25 32 15 21 31 22 36 14 7 18 0 30 2 22 31 17 10 2 18 8 31 0 21 5 40 34 4 27 
18 0 28 33 14 7 32 38 5 12 32 32 32 7 30 13 19 23 13 15 17 24 15 0 14 39 3 6 39 11 23 10 14 31 21 36 0 21 36 35 
17 11 28 28 18 1 31 5 37 37 30 16 18 12 11 36 32 13 27 24 17 1 32 39 0 28 39 40 4 5 40 2 16 11 5 17 26 6 2 29 
30 9 11 32 0 38 22 39 33 30 36 39 2 8 22 27 30 34 32 10 23 35 0 20 16 0 37 16 7 9 38 30 20 4 21 5 15 19 31 14 
11 34 30 30 8 36 9 20 14 34 37 9 9 1 6 14 0 21 9 15 13 27 20 20 2 14 0 18 9 3 31 14 17 35 17 9 4 34 26 21 
36 1 0 33 35 32 7 38 19 31 37 32 16 37 9 17 20 36 10 10 11 32 7 16 8 38 24 0 9 19 14 29 5 35 26 16 10 5 9 30 
14 18 31 0 23 12 25 25 25 17 21 19 27 0 20 20 2 4 8 3 19 21 7 2 34 2 23 33 0 32 30 31 6 28 9 1 40 28 38 33 
17 28 14 34 40 21 39 10 0 27 26 2 1 10 10 32 1 35 32 22 28 5 5 30 29 21 4 10 20 0 26 2 39 3 32 23 17 28 29 13 
18 12 10 6 4 24 26 17 17 17 24 36 24 28 23 9 31 13 1 14 38 20 12 5 6 14 21 16 29 15 0 2 7 23 20 24 9 10 5 13 
7 21 24 19 9 3 36 36 37 7 29 9 36 8 16 27 6 14 7 23 33 26 28 21 35 7 15 28 8 35 7 0 26 18 14 4 19 38 20 1 
6 20 18 4 23 14 2 33 23 20 15 7 37 19 22 25 36 21 13 9 28 14 35 5 17 22 22 30 9 24 34 28 0 11 40 34 10 12 5 36 
0 30 8 40 40 37 39 22 12 2 12 35 27 8 31 25 5 26 17 24 10 20 32 21 10 26 7 23 33 32 3 20 4 0 22 18 9 9 30 23 
38 32 21 31 23 21 39 20 0 12 30 30 20 24 39 37 9 13 28 19 26 3 7 5 18 30 1 29 3 12 6 26 8 28 0 30 15 21 2 34 
37 19 26 19 2 30 39 23 10 15 18 8 24 0 40 0 12 23 27 29 38 7 20 19 11 12 30 14 4 21 21 31 22 1 37 0 17 7 8 20 
7 20 37 33 20 24 1 7 6 40 8 32 40 16 27 3 4 33 40 8 27 29 15 20 4 40 38 24 17 24 17 17 24 37 25 8 0 11 1 5 
31 10 8 7 18 20 27 16 0 15 39 10 18 12 29 5 38 3 30 10 37 1 3 24 17 6 17 34 9 25 11 35 35 4 38 1 28 0 28 23 
7 10 10 12 31 8 9 1 35 8 2 0 38 24 20 17 28 29 37 32 13 40 21 22 34 28 23 33 35 2 1 12 39 8 21 27 10 10 0 8 
1 5 30 8 18 22 15 16 15 16 35 28 40 37 6 19 9 37 33 19 14 21 25 15 2 32 29 37 10 1 16 7 34 31 9 29 12 24 20 0 
6 11 1 24 17 14 28 2 17 17 21 36 19 26 1 38 17 11 6 5 32 2 1 33 32 9 14 5 32 14 12 2 39 20 22 36 20 25 27 3 38 30 39 20 37 34 16 6 16 39 10 5 20 19 4 35 28 24 16 25 19 5 6 2 35 19 34 17 26 40 2 14 39 7 9 13 18 39 14 15 17 16 22 39 4 25 14 22 2 12 9 23 17 40 40 36 2 14 13 39 
